FP32: 113.12993287118152
Int8-SGD: 43.22438764777034
Int8-SAM: 32.21571201384067
